3362351561.418000
3362351561.688000
3362351561.960000
3362351562.234000
3362351562.560000
3362351562.836000
3362351563.112000
3362351563.372000
3362351563.638000
3362351563.912000
3362351564.184000
3362351564.436000
3362351564.688000
3362351564.950000
3362351565.206000
3362351565.464000
3362351565.724000
3362351565.994000
3362351566.258000
3362351566.538000
3362351566.794000
3362351567.054000
3362351567.314000
3362351567.572000
3362351567.820000
3362351568.068000
3362351568.328000
3362351568.612000
3362351568.862000
3362351569.114000
3362351569.370000
3362351569.624000
3362351569.884000
3362351570.136000
3362351570.386000
3362351570.642000
3362351570.884000
3362351571.140000
3362351571.378000
3362351571.638000
3362351571.874000
3362351572.118000
3362351572.358000
3362351572.604000
3362351572.840000
3362351573.084000
3362351573.320000
3362351573.558000
3362351573.800000
3362351574.032000
3362351574.278000
3362351574.508000
3362351574.740000
3362351574.976000
3362351575.204000
3362351575.442000
3362351575.680000
3362351575.912000
3362351576.138000
3362351576.368000
3362351576.604000
3362351576.828000
3362351577.052000
3362351577.284000
3362351577.512000
3362351577.734000
3362351577.976000
3362351578.198000
3362351578.432000
3362351578.664000
3362351578.890000
3362351579.134000
3362351579.358000
3362351579.592000
3362351579.824000
3362351580.046000
3362351580.270000
3362351580.502000
3362351580.732000
3362351580.956000
3362351581.186000
3362351581.402000
3362351581.638000
3362351581.866000
3362351582.094000
3362351582.328000
3362351582.548000
3362351582.776000
3362351583.006000
3362351583.228000
3362351583.454000
3362351583.680000
3362351583.904000
3362351584.126000
3362351584.358000
3362351584.588000
3362351584.808000
3362351585.034000
3362351585.262000
3362351585.488000
3362351585.712000
3362351585.944000
3362351586.166000
3362351586.392000
3362351586.624000
3362351586.852000
3362351587.080000
3362351587.312000
3362351587.542000
3362351587.772000
3362351587.996000
3362351588.226000
3362351588.446000
3362351588.666000
3362351588.892000
3362351589.106000